player:0.0:-1.926079511642456:2.2860331535339355:1.0:1.0:1.0:0.0:0.0:0.0
hole:0.0:13.994782447814941:-0.782198965549469:1.0:1.0:1.0:0.0:0.0:0.0
kill:0.0:4.079029560089111:-4.889597415924072:-33.936553955078125:-33.936553955078125:-33.936553955078125:-89.999995674289:-0.0:0.0
box:0.0:4.006378173828125:0.0:4.456821441650391:8.720050811767578:0.30000001192092896:0.0:0.0:0.0
box:-2.731666088104248:14.019725799560547:0.0:1.8235899209976196:1.2714622020721436:0.30000001192092896:0.0:0.0:0.0
sphere:-1.9360841512680054:6.189040184020996:-7.769474029541016:9.319753646850586:9.319753646850586:9.319753646850586:0.0:0.0:0.0
box:-5.796425819396973:5.336453914642334:0.9326768517494202:1.195776343345642:9.968330383300781:1.658455729484558:0.0:0.0:0.0
box:5.6810808181762695:5.336453914642334:0.9326768517494202:1.195776343345642:9.968330383300781:1.658455729484558:0.0:0.0:0.0
box:0.07407331466674805:-5.307453632354736:0.9326768517494202:5.096561431884766:0.9780418276786804:1.658455729484558:0.0:0.0:0.0
box:0.07407331466674805:16.355552673339844:0.9326768517494202:5.096561431884766:0.9780418276786804:1.658455729484558:0.0:0.0:0.0
box:2.912891387939453:14.019725799560547:0.0:1.8235899209976196:1.2714622020721436:0.30000001192092896:0.0:0.0:0.0
box:0.0:11.833296775817871:1.1753780841827393:2.0942726135253906:1.0:1.0:0.0:0.0:0.0
